1;
## Carbon 660MeV 用 RF Voltage Pattern

#C660_10_200-200-400-50.v
rfPattern1 = [0, 25, 10, 50, 540, 50, 50, 334, 50, 891;
 			0, 200, 180, 200, 400, 400, 50, 50, 400, 400];
