1;
## Carbon 660MeV 用 RF Voltage Pattern

#C660_10_200-200-400-50.v
rfPattern1 =...
[0, 25, 10, 50, 540, 50, 50, 334, 50, 891;
0, 0, 200, 200, 400, 400, 50, 50, 400, 400];

rfPattern_C660_10_200_200_400_50 =...
[0, 25, 10, 50, 540, 50, 50, 334, 50, 891;
0, 0, 200, 200, 400, 400, 50, 50, 400, 400];

#C660_10_200-350-400-50.v
rfPattern2 =...
[0, 25, 10, 50, 540, 50, 50, 334, 50, 891;
0, 0, 200, 350, 400, 400, 50, 50, 400, 400];

#C001
rfPattern_C001_10_200_400_400_50 = ...
[0, 25, 10,  50, 555,  100, 50, 294, 50, 866;
 0, 0, 200, 400, 400, 400, 50, 50, 400, 400];
