1;
##= proton 70MeV 用 RF Voltage Pattern

##== 10MeV 入射

rfPattern_0070_10_180_280_400_50_20130912 = [
0,25,10,50,257,100,50,940,50,518;
0,0,180,280,400,400,50,50,400,400];


##== 7MeV 入射
rfPattern_7070_50_300_400_50_20120830 = [
25,10,50,284,100,50,887,544;
0,50,300,400,400,50,50,400];

#== 9MeV 入射

