1;
##= proton 200MeV 用 RF Voltage Pattern

##== 10MeV 入射

##=== h20e_10_180-400-20.v
rfPattern_10_200_1 = [\
0,25,10,50,514,50,50,427,50,824;
0,0,180,400,400,400,20,20,400,400];

rfPattern1 = rfPattern_10_200_1; # obsolute

##=== 0200_10_100-300-600-50-20050922.v
rfPattern_10_200_2 = [\
0,25,10,50,514,100,50,377,50,824;
0,0,100,300,600,600,50,50,600,600];

##=== 0200_10_180-280-400-50.v
rfPattern_10_200_3 = [
0,25,10,50,514,100,50,377,50,824;
0,0,180,280,400,400,50,50,600,600];

rfPattern_0200_10_180_280_400_50_20060720 = [
0,25,10,50,514,100,50,377,50,824;
0,0,180,280,400,400,50,50,600,600];

rfPattern_0200_10_180_280_400_50_20130603 = [
0,25,10,50,514,150,50,377,50,824;
0,0,180,280,400,400,50,50,600,600];


##== 7MeV 入射
##=== 7200_10_50-300-600-50.v 
rfPattern2 =[\
0,25,10,50,540,50,50,374,50,851;
0,0,50,300,600,600,50,50,600,600]; 

rfPattern_7200_10_50_300_400_50_20090624 =[\
0,25,10,50,580,110,50,274,50,851;
0,0,50,300,400,400,50,50,400,400]; 

rfPattern_7200_2 =[\
0,25,10,50,580,110,50,274,50,851;
0,0,200,300,400,400,50,50,400,400]; 

##=== 7201_10_180-280-400-50.v 
rfPattern_7201_10_180_280_400_50 =[\
0,25,10,50,540,100,50,324,50,851;
0,0,180,280,400,400,50,50,400,400]; 

#== 9MeV 入射
##=== 0900_10_180-280-400-50.v
rfPattern_9200_10_180_280_400_50 = [\
25 , 10 , 50 , 522 , 100 , 50 , 361 , 50 , 832;
0, 180, 280, 400, 400, 50, 50, 400, 400];

rfPattern_9_200_1 = rfPattern_9200_10_180_280_400_50;

##=== 0900_10_180-280-400-50.v
rfPattern_9200_10_100_300_400_50 = [\
25 , 10 , 50 , 522 , 100 , 50 , 361 , 50 , 832;
0, 100, 300, 400, 400, 50, 50, 400, 400];
