1;
##= proton 140MeV 用 RF Voltage Pattern

##== 7MeV 入射
##=== 7140_50-300-600-50_20200420.v 
rfPattern_7140_50_300_400_50_20200420 =[ ...
25	, 0;
10	, 50;
50	, 300;
465 	, 400;
100	, 400;
50	, 50;
525 	, 50;
50	, 400;
725 	, 400]' ;