1;
##= proton 70MeV 用 RF Voltage Pattern

##== 10MeV 入射

rfPattern_0050_180_280_400_50_20140407 = [
0,25,10,50,192,100,50,1071,50,452;
0,0,180,280,400,400,50,50,400,400];


##== 7MeV 入射
rfPattern_7050_50_300_400_50_20120918 = [
25,10,50,218 ,100,50,1019 ,50,478;
0,50,300,400,400,50,50,400,400];

#== 9MeV 入射

