1;
##= proton 80MeV 用 RF Voltage Pattern

##== 10MeV 入射
##=== 80 MeV
rfPattern_0080_180_280_400_50_20141009 = [
0,25,10,50,287 ,100,50,881,50,547;
0,0,180,280,400,400,50,50,400,400];

##== 7MeV 入射
rfPattern_7080_50_300_400_50_20151111 = [
  25, 10, 50, 313 , 100, 50, 829 , 50, 573 ;
  0, 50, 300, 400, 400, 50, 50, 400, 400];

#== 9MeV 入射

