1;
##= proton 100MeV 用 RF Voltage Pattern

##== 10MeV 入射
rfPattern_0100_180_280_400_50_20160712 = [
25 ,10 ,50 ,344 ,100 ,50 ,767 ,50 ,604;
0 ,180 ,280 ,400 ,400 ,50 ,50 ,400 ,400];

##== 7MeV 入射
rfPattern_7100_10_50_300_400_50_20091105 = [
25, 10, 50, 358, 110, 50, 719, 50;
0, 50, 300, 400, 400, 50, 50, 400];

