1;
##= proton 120MeV 用 RF Voltage Pattern

##== 7MeV 入射
##=== 7120_50-300-600-50_20200420.v 
rfPattern_7120_50_300_400_50_20200420 =[ ...
25	, 0;
10	, 50;
50	, 300;
418 	, 400;
100	, 400;
50	, 50;
619 	, 50;
50	, 400;
678 	, 400]';
