1;
##= proton 100MeV 用 RF Voltage Pattern


##== 7MeV 入射
rfPattern_7100_10_50_300_400_50_20091105 = [
25, 10, 50, 358, 110, 50, 719, 50;
0, 50, 300, 400, 400, 50, 50, 400];

