1;
rfPattern_7160_50_300_400_50_20161222 =[
0, 25, 10, 50, 509, 100, 50, 437, 50, 769; 
0, 0, 50, 300, 400, 400, 50, 50, 400, 400];