# Created by Octave 4.0.3, Tue Nov 29 14:46:57 2016 JST <tkurita@IGAGURI2016.local>
# name: pstable
# type: class
# classname: phaseshifter_table
# length: 3
# name: freq
# type: cell
# rows: 1
# columns: 1
# name: <cell-element>
# type: matrix
# rows: 7
# columns: 1
 0.8
 1
 2
 3
 4
 4.5
 5





# name: rad_v
# type: cell
# rows: 1
# columns: 1
# name: <cell-element>
# type: cell
# rows: 7
# columns: 1
# name: <cell-element>
# type: matrix
# rows: 21
# columns: 2
 2 5.554
 2.1 5.823059429671891
 2.2 6.091709940814884
 2.3 6.351372560465191
 2.4 6.595765598900746
 2.5 6.833069359139027
 2.6 7.058639889942268
 2.7 7.277029460921915
 2.8 7.479902391280053
 2.9 7.678773166872055
 3 7.867329841974652
 3.1 8.052064948636968
 3.2 8.231624686416971
 3.3 8.408634136646867
 3.4 8.581133655855284
 3.5 8.743978579413394
 3.6 8.905014381161639
 3.7 9.069363808957071
 3.8 9.23106734981692
 3.9 9.392368921834468
 4 9.552304629251077


# name: <cell-element>
# type: matrix
# rows: 21
# columns: 2
 2 5.554
 2.1 5.824339548719141
 2.2 6.070143943503515
 2.3 6.305030129737474
 2.4 6.531632643778816
 2.5 6.750171255318276
 2.6 6.962019860658858
 2.7 7.166800743253163
 2.8 7.362748299480757
 2.9 7.563791364837155
 3 7.757141469035627
 3.1 7.950894203789803
 3.2 8.133338873943748
 3.3 8.317416381804303
 3.4 8.50182717083735
 3.5 8.686565693559011
 3.6 8.867597649237087
 3.7 9.047221191029383
 3.8 9.226605727998164
 3.9 9.401274816627071
 4 9.573557966463353


# name: <cell-element>
# type: matrix
# rows: 21
# columns: 2
 2 5.554
 2.1 5.789336282242179
 2.2 6.019252555605791
 2.3 6.249676942554485
 2.4 6.475757205766143
 2.5 6.703790330648474
 2.6 6.920457188934498
 2.7 7.14707235898035
 2.8 7.36880482135737
 2.9 7.588498023426353
 3 7.801840598520166
 3.1 8.019512070137207
 3.2 8.229099193702094
 3.3 8.435395012979061
 3.4 8.636474244081551
 3.5 8.832922460425074
 3.6 9.027296432417137
 3.7 9.215199836242318
 3.8 9.399320389139312
 3.9 9.578712058375265
 4 9.749385157369664


# name: <cell-element>
# type: matrix
# rows: 21
# columns: 2
 2 5.554
 2.1 5.796474186118221
 2.2 6.023832882995812
 2.3 6.257003769045495
 2.4 6.491030703391711
 2.5 6.727557827117142
 2.6 6.959453008831915
 2.7 7.189009596447251
 2.8 7.409555431075469
 2.9 7.630988733029671
 3 7.846051793965941
 3.1 8.062031551310668
 3.2 8.269592637017368
 3.3 8.473534259787854
 3.4 8.677665688412528
 3.5 8.873546456466624
 3.6 9.062954342207357
 3.7 9.244304148653821
 3.8 9.422456695365989
 3.9 9.59694223667962
 4 9.768041357294926


# name: <cell-element>
# type: matrix
# rows: 21
# columns: 2
 2 5.554
 2.1 5.795346389762938
 2.2 6.032563057086865
 2.3 6.261341699283287
 2.4 6.492414106120829
 2.5 6.726548844940523
 2.6 6.957584825142277
 2.7 7.182718304521175
 2.8 7.404687515869731
 2.9 7.622371000377198
 3 7.83639868048208
 3.1 8.045894788740053
 3.2 8.254905118190518
 3.3 8.454740986452826
 3.4 8.657654016462006
 3.5 8.852276525415103
 3.6 9.043105022506797
 3.7 9.223572532442349
 3.8 9.402294774763122
 3.9 9.575160780591494
 4 9.745321608506536


# name: <cell-element>
# type: matrix
# rows: 21
# columns: 2
 2 5.554
 2.1 5.799164689024421
 2.2 6.035554932401475
 2.3 6.263684067795503
 2.4 6.490309638369387
 2.5 6.717840820322283
 2.6 6.945674665549163
 2.7 7.169709496623915
 2.8 7.387551288038413
 2.9 7.603848237212296
 3 7.816297200896809
 3.1 8.024137729462836
 3.2 8.229358768724424
 3.3 8.434281131779143
 3.4 8.630064791482976
 3.5 8.823415952661563
 3.6 9.015400159669355
 3.7 9.201183478116672
 3.8 9.379273301907373
 3.9 9.549236247338143
 4 9.718970740713832


# name: <cell-element>
# type: matrix
# rows: 21
# columns: 2
 2 5.554
 2.1 5.799822103035017
 2.2 6.035942770763003
 2.3 6.265060693372562
 2.4 6.487702939702173
 2.5 6.709547876584347
 2.6 6.935525772090428
 2.7 7.149914855338989
 2.8 7.365129876292036
 2.9 7.577447105692766
 3 7.786897122948037
 3.1 7.989812442344371
 3.2 8.190377717358404
 3.3 8.391551019005778
 3.4 8.591216061936105
 3.5 8.786217710678693
 3.6 8.977158518710723
 3.7 9.164413394347919
 3.8 9.345815288985335
 3.9 9.51463005499869
 4 9.685423084624528








# name: rad_v0
# type: cell
# rows: 1
# columns: 1
# name: <cell-element>
# type: scalar struct
# ndims: 2
 1 1
# length: 2
# name: points
# type: matrix
# rows: 11
# columns: 2
 -5 -10.509
 -4 -8.865
 -3 -6.955
 -2 -4.693
 -1 -2.459
 0 0
 1 2.897
 2 5.554
 3 7.823
 4 9.545
 5 10.952


